# time congestion window sizes of src 1 to n
# time cwndsrc1 cwndsrc2 ...
0.10000000000000001 	 2 	2 	2 	2 
0.13 	 4 	4 	4 	4 
0.16 	 4 	4 	4 	4 
0.19 	 8 	8 	8 	8 
0.22 	 8 	8 	8 	8 
0.25 	 16 	16 	16 	16 
0.28000000000000003 	 16 	16 	16 	16 
0.31000000000000005 	 32 	32 	31 	16 
0.34000000000000008 	 32 	32 	32 	32 
0.37000000000000011 	 64 	53 	32 	32 
0.40000000000000013 	 64 	64 	64 	43 
0.43000000000000016 	 97 	64 	64 	64 
0.46000000000000019 	 128 	87 	64 	64 
0.49000000000000021 	 128 	128 	77 	64 
0.52000000000000024 	 128 	128 	1 	1 
0.55000000000000027 	 1 	128 	1 	1 
0.58000000000000029 	 1 	1 	1 	1 
0.61000000000000032 	 2 	1 	2 	2 
0.64000000000000035 	 2 	2 	2 	2 
0.67000000000000037 	 3 	2 	3 	3 
0.7000000000000004 	 3 	3 	3 	3 
0.73000000000000043 	 5 	3 	5 	5 
0.76000000000000045 	 5 	5 	5 	5 
0.79000000000000048 	 8 	7 	8 	6 
0.82000000000000051 	 8 	8 	8 	6 
0.85000000000000053 	 13 	13 	13 	6 
0.88000000000000056 	 13 	13 	13 	6 
0.91000000000000059 	 20 	19 	18 	6 
0.94000000000000061 	 20 	19 	18 	6 
0.97000000000000064 	 30 	19 	18 	6 
1.0000000000000007 	 30 	19 	18 	1 
1.0300000000000007 	 46 	19 	18 	1 
1.0600000000000007 	 46 	19 	18 	2 
1.0900000000000007 	 52 	19 	18 	2 
1.1200000000000008 	 52 	1 	1 	3 
1.1500000000000008 	 52 	1 	1 	3.33333 
1.1800000000000008 	 52 	2 	2 	3.63333 
1.2100000000000009 	 52 	2 	3 	4.16441 
1.2400000000000009 	 52 	3 	3 	4.16441 
1.2700000000000009 	 52 	3 	5 	4.63158 
1.3000000000000009 	 1 	4 	5 	4.63158 
1.330000000000001 	 1 	4 	8 	5.25165 
1.360000000000001 	 2 	7 	8 	5.25165 
1.390000000000001 	 4 	7 	9.43651 	5.80357 
1.420000000000001 	 4 	9.22087 	9.43651 	5.80357 
1.4500000000000011 	 8 	9.22087 	10.0554 	6.306 
1.4800000000000011 	 8 	9.75093 	10.0554 	6.306 
1.5100000000000011 	 16 	10.0554 	11.0092 	6.77034 
1.5400000000000011 	 16 	10.2533 	11.0092 	6.77034 
1.5700000000000012 	 26.2299 	10.4475 	11.9702 	7.343 
1.6000000000000012 	 26.2299 	10.8252 	11.9702 	7.343 
1.6300000000000012 	 27.0562 	10.8252 	12.8592 	8.24844 
1.6600000000000013 	 1 	11.2795 	12.8592 	8.24844 
1.6900000000000013 	 1 	11.2795 	13.7632 	9.17299 
1.7200000000000013 	 2 	11.8014 	13.7632 	9.28201 
1.7500000000000013 	 4 	11.8861 	14.6796 	10.1115 
1.7800000000000014 	 4 	12.463 	14.6796 	10.3083 
1.8100000000000014 	 8 	13.0142 	15.6062 	11.0604 
1.8400000000000014 	 8 	13.394 	15.6062 	11.6785 
1.8700000000000014 	 13.2294 	14.0516 	16.5412 	12.0173 
1.9000000000000015 	 13.2294 	14.3341 	16.6016 	12.9805 
1.9300000000000015 	 14.1805 	14.9502 	17.4833 	12.9805 
1.9600000000000015 	 14.1805 	15.2817 	17.8237 	13.8766 
1.9900000000000015 	 15.1378 	16.1116 	18.4315 	13.8766 
2.0200000000000014 	 15.1378 	16.2355 	19.0723 	14.7859 
2.0500000000000012 	 16.1001 	17.1945 	19.3848 	14.7859 
2.080000000000001 	 16.1001 	17.1945 	20.2438 	15.7062 
2.1100000000000008 	 17.0667 	18.1578 	20.3425 	15.7062 
2.1400000000000006 	 17.0667 	18.1578 	21.3041 	16.6355 
2.1700000000000004 	 18.0369 	19.1248 	21.3041 	16.6355 
2.2000000000000002 	 18.0369 	19.1248 	22.269 	17.5726 
2.23 	 19.01 	20.0949 	22.269 	17.5726 
2.2599999999999998 	 19.01 	20.0949 	23.2368 	18.5162 
2.2899999999999996 	 19.9858 	21.0678 	23.2368 	18.5702 
2.3199999999999994 	 20.2841 	21.0678 	24.2073 	19.4653 
2.3499999999999992 	 20.9159 	22.0431 	24.2073 	19.7715 
2.379999999999999 	 21.436 	22.0431 	25.18 	20.4193 
2.4099999999999988 	 21.8522 	23.0205 	25.18 	20.9517 
2.4399999999999986 	 22.5733 	23.0205 	26.1547 	21.3774 
2.4699999999999984 	 22.7939 	23.9997 	26.1547 	22.1592 
2.4999999999999982 	 23.7403 	23.9997 	27.1313 	22.3391 
2.529999999999998 	 23.7403 	24.9404 	27.1313 	23.304 
2.5599999999999978 	 24.6909 	25.1004 	28.1095 	23.304 
2.5899999999999976 	 24.6909 	25.8855 	28.2869 	24.2718 
2.6199999999999974 	 25.6453 	26.1547 	29.0891 	24.2718 
2.6499999999999972 	 25.6453 	26.8346 	29.397 	25.242 
2.6799999999999971 	 26.603 	27.1681 	30.0701 	25.242 
2.7099999999999969 	 26.603 	27.7872 	30.4667 	26.2144 
2.7399999999999967 	 27.5636 	28.145 	31.0522 	26.2144 
2.7699999999999965 	 27.5636 	28.7431 	31.4047 	27.1888 
2.7999999999999963 	 28.527 	28.9857 	32.0355 	27.1888 
2.8299999999999961 	 28.527 	29.7018 	32.2223 	28.165 
2.8599999999999959 	 29.4927 	29.7355 	33.0197 	28.165 
2.8899999999999957 	 29.4927 	30.6631 	33.0197 	29.074 
2.9199999999999955 	 30.1304 	30.6631 	34.0049 	29.1428 
2.9499999999999953 	 30.4607 	31.6269 	34.0049 	29.6196 
2.9799999999999951 	 30.6245 	31.6269 	34.9909 	30.122 
3.0099999999999949 	 31.4306 	32.5313 	34.9909 	30.122 
3.0399999999999947 	 31.4306 	32.5928 	35.6143 	31.1025 
3.0699999999999945 	 32.4024 	32.9287 	35.9498 	31.1025 
3.0999999999999943 	 32.4024 	33.5607 	36.0332 	1 
3.1299999999999941 	 33.0747 	33.5607 	36.9109 	1 
3.1599999999999939 	 33.3758 	1 	36.9109 	1 
3.1899999999999937 	 33.4955 	1 	1 	2 
3.2199999999999935 	 34.3507 	1 	1 	2 
3.2499999999999933 	 34.6407 	1 	2 	3 
3.2799999999999931 	 35.3271 	1 	2 	3 
3.3099999999999929 	 35.7493 	1 	4 	7 
3.3399999999999928 	 36.3047 	1 	4 	10 
3.3699999999999926 	 36.8788 	1 	8 	14 
3.3999999999999924 	 37.2834 	2 	8 	15.4606 
3.4299999999999922 	 37.9746 	2 	16 	15.8447 
3.459999999999992 	 38.2633 	2.9 	16 	16.6465 
3.4899999999999918 	 38.9371 	2.9 	18.7628 	16.7664 
3.5199999999999916 	 39.2442 	3.55301 	18.7628 	17.6965 
3.5499999999999914 	 40.0016 	3.55301 	19.7 	17.6965 
3.5799999999999912 	 40.226 	4.33944 	19.7 	18.6338 
3.609999999999991 	 41.0628 	4.33944 	20.6431 	18.6338 
3.6399999999999908 	 41.2087 	5.19763 	20.8842 	19.5772 
3.6699999999999906 	 42.1447 	5.19763 	21.5913 	19.5772 
3.6999999999999904 	 42.1922 	6.09735 	22.05 	20.5259 
3.7299999999999902 	 43.1764 	6.09735 	22.5439 	20.5259 
3.75999999999999 	 43.1764 	7.02286 	23.2003 	21.4793 
3.7899999999999898 	 44.1613 	7.02286 	23.5004 	21.4793 
3.8199999999999896 	 44.1613 	7.96541 	24.3783 	22.4366 
3.8499999999999894 	 45.1469 	8.09095 	24.4603 	22.4366 
3.8799999999999892 	 45.1912 	8.80618 	25.4233 	23.3975 
3.909999999999989 	 46.1332 	9.46687 	25.4233 	23.3975 
3.9399999999999888 	 46.2198 	9.67696 	26.3891 	24.3616 
3.9699999999999886 	 47.1199 	10.5704 	26.3891 	24.4845 
3.9999999999999885 	 47.2683 	10.5704 	27.3572 	25.3283 
4.0299999999999887 	 48.1073 	11.4811 	27.3572 	25.4859 
4.059999999999989 	 48.2319 	11.4811 	28.3276 	26.2976 
4.0899999999999892 	 49.0951 	12.4054 	28.3276 	26.3356 
4.1199999999999894 	 49.1155 	12.4054 	29.3 	27.269 
4.1499999999999897 	 50.0834 	12.8814 	29.3 	27.269 
4.1799999999999899 	 50.0834 	13.3404 	30.0085 	28.2424 
4.2099999999999902 	 50.9938 	13.3404 	30.2741 	28.2424 
4.2399999999999904 	 51.0722 	14.2841 	30.5701 	29.2176 
4.2699999999999907 	 51.7144 	14.2841 	31.2498 	29.2176 
4.2999999999999909 	 52.0614 	1 	31.2498 	30.0282 
4.3299999999999912 	 1 	1 	32.2271 	30.1944 
4.3599999999999914 	 1 	2 	32.2271 	30.7851 
4.3899999999999917 	 2 	2 	1 	31.1726 
4.4199999999999919 	 2 	4 	1 	31.8709 
4.4499999999999922 	 4 	4 	2 	32.1522 
4.4799999999999924 	 4 	7.14286 	2 	32.9209 
4.5099999999999927 	 8 	7.14286 	4 	33.133 
4.5399999999999929 	 8 	8.07116 	4 	33.9679 
4.5699999999999932 	 16 	8.07116 	8 	34.1148 
4.5999999999999934 	 16 	9.01415 	8 	35.0407 
4.6299999999999937 	 26.2299 	9.01415 	16 	35.0977 
4.6599999999999939 	 26.2299 	9.96775 	16.1248 	36.0816 
4.6899999999999942 	 27.2038 	9.96775 	16.9723 	36.0816 
4.7199999999999944 	 27.2038 	10.837 	17.3228 	37.0662 
4.7499999999999947 	 28.1794 	11.0208 	17.8917 	37.0662 
4.7799999999999949 	 28.1794 	11.7269 	18.3886 	38.0517 
4.8099999999999952 	 29.1567 	12.3925 	18.8192 	38.0517 
4.8399999999999954 	 29.1567 	12.6331 	19.4987 	39.0379 
4.8699999999999957 	 30.1355 	13.5523 	19.7538 	39.0635 
4.8999999999999959 	 30.1355 	13.5523 	20.5487 	40.0248 
4.9299999999999962 	 31.1156 	14.4821 	20.6944 	40.1744 
4.9599999999999964 	 31.1156 	14.4821 	21.6403 	41.0123 
4.9899999999999967 	 32.0969 	15.4206 	21.6403 	41.2312 
5.0199999999999969 	 32.1281 	15.4206 	22.5908 	42.0004 
5.0499999999999972 	 33.0793 	16.3662 	22.5908 	42.1905 
5.0799999999999974 	 33.0793 	16.3662 	23.4602 	42.989 
5.1099999999999977 	 34.0627 	17.3179 	23.5454 	43.0587 
5.1399999999999979 	 34.0627 	17.3179 	24.1746 	43.9554 
5.1699999999999982 	 35.0471 	17.9986 	24.5036 	43.9554 
5.1999999999999984 	 35.0471 	18.2747 	24.7475 	44.9232 
5.2299999999999986 	 36.0323 	18.3294 	25.465 	44.9232 
5.2599999999999989 	 36.0323 	19.2358 	25.465 	45.7397 
5.2899999999999991 	 1 	19.2358 	26.4292 	45.8925 
5.3199999999999994 	 1 	20.2006 	26.4292 	46.3911 
5.3499999999999996 	 2 	20.2006 	27.396 	1 
5.3799999999999999 	 2 	21.1686 	27.396 	1 
5.4100000000000001 	 4 	21.1686 	28.365 	2 
5.4400000000000004 	 4 	22.1395 	28.365 	2 
5.4700000000000006 	 8 	22.3196 	29.3361 	4 
5.5000000000000009 	 8 	23.1127 	29.3361 	8 
5.5300000000000011 	 16 	23.4993 	30.3091 	8 
5.5600000000000014 	 16 	24.0882 	30.3091 	16 
5.5900000000000016 	 18.7628 	24.4183 	31.2837 	16 
5.6200000000000019 	 18.7628 	25.0655 	31.2837 	23.3456 
5.6500000000000021 	 19.7 	25.2247 	32.2599 	23.3884 
5.6800000000000024 	 19.7 	26.0446 	32.2599 	24.2292 
5.7100000000000026 	 20.6431 	26.0446 	33.2375 	24.3528 
5.7400000000000029 	 20.6431 	27.0251 	33.2676 	25.3199 
5.7700000000000031 	 21.5913 	27.1359 	34.2164 	25.3199 
5.8000000000000034 	 21.5913 	28.007 	34.3623 	26.2894 
5.8300000000000036 	 22.5439 	28.1495 	35.1964 	26.2894 
5.8600000000000039 	 22.5439 	28.9901 	35.3099 	27.2611 
5.8900000000000041 	 23.5004 	29.059 	36.1222 	27.2611 
5.9200000000000044 	 23.5004 	29.9409 	36.1222 	28.2348 
5.9500000000000046 	 24.3373 	29.9409 	1 	28.2348 
5.9800000000000049 	 24.4603 	1 	1 	29.0385 
6.0100000000000051 	 25.4233 	1 	2 	29.2103 
6.0400000000000054 	 25.4233 	2 	2 	30.1209 
6.0700000000000056 	 26.3891 	2 	4 	30.1873 
6.1000000000000059 	 26.3891 	4 	5 	31.1658 
6.1300000000000061 	 27.3572 	4 	8 	31.1658 
6.1600000000000064 	 27.3572 	8 	11 	32.1455 
6.1900000000000066 	 28.3276 	8 	16 	32.1455 
6.2200000000000069 	 28.3276 	15.0667 	18.1109 	33.1265 
6.2500000000000071 	 29.3 	15.0667 	18.7628 	33.1265 
6.2800000000000074 	 29.3 	16.0333 	18.8161 	34.1086 
6.3100000000000076 	 30.2741 	16.0333 	19.7 	34.1086 
6.3400000000000079 	 30.2741 	17.0037 	19.9023 	35.0916 
6.3700000000000081 	 31.2498 	17.3536 	20.6431 	35.0916 
6.4000000000000083 	 31.2498 	17.9772 	21.0275 	36.0756 
6.4300000000000086 	 32.2271 	18.5799 	21.5913 	36.0756 
6.4600000000000088 	 32.2271 	18.9006 	22.1406 	37.0605 
6.4900000000000091 	 33.2056 	19.5772 	22.5439 	37.0605 
6.5200000000000093 	 33.2056 	19.8313 	23.0705 	38.0461 
6.5500000000000096 	 34.1854 	20.3791 	23.5004 	38.0461 
6.5800000000000098 	 34.1854 	20.7684 	23.8387 	39.0324 
6.6100000000000101 	 35.1663 	21.008 	24.4603 	39.0324 
6.6400000000000103 	 35.1663 	21.7111 	24.5012 	40.0194 
6.6700000000000106 	 36.0374 	21.7111 	25.4233 	40.0194 
6.7000000000000108 	 36.1483 	22.6586 	25.4233 	40.7378 
6.7300000000000111 	 1 	22.6586 	26.3891 	41.0071 
6.7600000000000113 	 1 	23.6105 	26.3891 	41.3713 
6.7900000000000116 	 1 	23.6105 	27.3572 	1 
6.8200000000000118 	 2 	24.5661 	27.3572 	1 
6.8500000000000121 	 2 	24.5661 	28.3276 	2 
6.8800000000000123 	 4 	25.5251 	28.3276 	2 
6.9100000000000126 	 6 	25.5251 	29.3 	4 
6.9400000000000128 	 8 	26.4872 	29.3 	8 
6.9700000000000131 	 15 	26.4872 	30.2741 	8 
7.0000000000000133 	 16 	27.4519 	30.2741 	16 
7.0300000000000136 	 18.602 	27.4519 	31.2498 	16 
7.0600000000000138 	 18.7628 	28.419 	31.2498 	20.592 
7.0900000000000141 	 19.7 	28.419 	32.2271 	20.592 
7.1200000000000143 	 19.7 	29.3883 	32.2581 	21.5424 
7.1500000000000146 	 20.6431 	29.5242 	33.2056 	21.5424 
7.1800000000000148 	 20.6431 	30.3596 	33.3859 	22.4971 
7.2100000000000151 	 21.5913 	30.5894 	34.1854 	22.4971 
7.2400000000000153 	 21.5913 	31.3327 	34.4478 	23.4555 
7.2700000000000156 	 22.5439 	31.5871 	35.1663 	23.4555 
7.3000000000000158 	 22.5439 	32.3074 	35.3932 	24.4172 
7.3300000000000161 	 23.5004 	32.4619 	36.1483 	24.4172 
7.3600000000000163 	 23.5004 	33.2836 	36.2312 	25.3819 
7.3900000000000166 	 24.3783 	33.2836 	37.1312 	25.3819 
7.4200000000000168 	 24.4603 	34.2612 	37.1312 	26.1202 
7.4500000000000171 	 1 	34.2612 	38.115 	26.3491 
7.4800000000000173 	 1 	35.24 	38.115 	26.6887 
7.5100000000000176 	 1 	35.24 	1 	27.3187 
7.5400000000000178 	 2 	36.2199 	1 	1 
7.570000000000018 	 2 	36.2199 	2 	1 
7.6000000000000183 	 4 	37.2009 	2 	2 
7.6300000000000185 	 7 	37.2009 	4 	2 
7.6600000000000188 	 8 	38.1829 	4 	4 
7.690000000000019 	 12.3299 	38.2091 	8 	4 
7.7200000000000193 	 12.3299 	39.1658 	8 	8 
7.7500000000000195 	 13.2703 	39.2169 	16 	8 
7.7800000000000198 	 13.2703 	40.1495 	16 	13.2294 
7.81000000000002 	 14.2187 	40.3236 	19.6732 	13.2294 
7.8400000000000203 	 14.2187 	41.134 	19.6732 	14.1805 
7.8700000000000205 	 15.1735 	41.4007 	20.6175 	14.1805 
7.9000000000000208 	 15.1735 	42.1193 	20.7627 	15.1378 
7.930000000000021 	 16.1337 	42.474 	21.5668 	15.1378 
7.9600000000000213 	 16.1337 	43.1052 	21.935 	16.1001 
7.9900000000000215 	 17.0984 	43.5668 	22.5204 	16.1001 
8.0200000000000209 	 17.0984 	44.0917 	23.1343 	17.0667 
8.0500000000000203 	 18.0668 	44.6329 	23.4779 	17.0667 
8.0800000000000196 	 18.0668 	45.0788 	24.1918 	18.0369 
8.110000000000019 	 19.0385 	45.7178 	24.4387 	18.0369 
8.1400000000000183 	 19.0385 	46.0665 	25.2445 	19.01 
8.1700000000000177 	 20.0128 	46.7348 	25.4026 	19.01 
8.2000000000000171 	 20.0128 	47.0547 	26.1786 	19.9858 
8.2300000000000164 	 20.9895 	47.6672 	26.3691 	19.9858 
8.2600000000000158 	 20.9895 	48.0434 	27.0065 	20.9159 
8.2900000000000151 	 21.9227 	48.5611 	27.338 	20.9159 
8.3200000000000145 	 21.9227 	49.0325 	27.7377 	21.8522 
8.3500000000000139 	 22.8614 	49.3781 	28.309 	21.8522 
8.3800000000000132 	 22.8614 	50.022 	28.3443 	22.7939 
8.4100000000000126 	 23.8052 	50.1219 	29.282 	22.7939 
8.4400000000000119 	 23.8052 	51.012 	29.282 	23.2289 
8.4700000000000113 	 24.3456 	51.012 	30.2567 	23.7403 
8.5000000000000107 	 24.7533 	1 	30.2567 	23.7403 
8.53000000000001 	 24.7533 	1 	1 	24.6909 
8.5600000000000094 	 25.7053 	2 	1 	24.6909 
8.5900000000000087 	 25.7442 	2 	2 	25.6453 
8.6200000000000081 	 26.6608 	4 	2 	25.8009 
8.6500000000000075 	 26.9223 	4 	4 	26.603 
8.6800000000000068 	 27.6195 	8 	4 	26.9765 
8.7100000000000062 	 28.0509 	8 	8 	27.5636 
8.7400000000000055 	 28.5809 	16 	8 	28.1029 
8.7700000000000049 	 29.0325 	16 	15.0667 	28.527 
8.8000000000000043 	 29.5449 	25.2787 	15.0667 	29.2543 
8.8300000000000036 	 29.9486 	25.2787 	16.0333 	29.4927 
8.860000000000003 	 30.5112 	26.2497 	16.0333 	29.8971 
8.8900000000000023 	 31.0315 	26.2497 	17.0037 	30.4607 
8.9200000000000017 	 31.4796 	27.2229 	17.0037 	30.9171 
8.9500000000000011 	 32.1401 	27.2229 	17.9772 	31.4306 
8.9800000000000004 	 32.4499 	28.1979 	17.9772 	31.9672 
9.0099999999999998 	 33.1514 	28.1979 	18.9006 	32.4024 
9.0399999999999991 	 33.4219 	29.1746 	18.9006 	32.9231 
9.0699999999999985 	 34.0447 	29.1746 	19.8313 	33.3758 
9.0999999999999979 	 34.3956 	1 	19.8313 	33.7928 
9.1299999999999972 	 34.8578 	1 	20.7684 	34.3507 
9.1599999999999966 	 35.3706 	2 	20.7684 	1 
9.1899999999999959 	 35.8482 	2 	21.7111 	1 
9.2199999999999953 	 36.3471 	4 	21.7111 	2 
9.2499999999999947 	 36.9476 	4 	22.6586 	2 
9.279999999999994 	 37.3247 	8 	22.6586 	4 
9.3099999999999934 	 38.0152 	8 	23.6105 	4 
9.3399999999999928 	 38.3036 	14.1425 	23.6105 	8 
9.3699999999999921 	 39.0792 	14.1425 	24.5661 	8 
9.3999999999999915 	 39.2834 	15.1022 	24.769 	16 
9.4299999999999908 	 40.1648 	15.1022 	25.5251 	16 
9.4599999999999902 	 40.2643 	16.0667 	25.9142 	17.862 
9.4899999999999896 	 41.2218 	16.0667 	26.4872 	17.862 
9.5199999999999889 	 41.246 	17.0352 	27.0849 	18.791 
9.5499999999999883 	 42.2287 	17.0939 	27.4519 	18.791 
9.5799999999999876 	 42.2287 	18.007 	28.1715 	19.7269 
9.609999999999987 	 43.2121 	18.283 	28.419 	19.7269 
9.6399999999999864 	 43.2121 	18.9817 	29.1833 	20.6687 
9.6699999999999857 	 44.1962 	19.2437 	29.3883 	20.6687 
9.6999999999999851 	 44.1962 	19.9086 	30.0948 	21.6157 
9.7299999999999844 	 45.1811 	20.0089 	30.3596 	21.6157 
9.7599999999999838 	 45.1811 	20.8422 	30.8824 	22.5673 
9.7899999999999832 	 46.0798 	20.8422 	31.3327 	22.5673 
9.8199999999999825 	 46.1665 	21.7817 	31.5871 	23.5229 
9.8499999999999819 	 46.8334 	21.7817 	32.3074 	23.5229 
9.8799999999999812 	 47.1526 	22.7263 	32.3074 	24.2767 
9.9099999999999806 	 47.5119 	22.7263 	33.2836 	24.4819 
9.93999999999998 	 1 	23.6754 	33.2836 	24.6043 
9.9699999999999793 	 1 	23.6754 	34.2612 	25.4441 
9.9999999999999787 	 2 	24.3013 	34.2612 	25.4441 
10.029999999999978 	 2 	24.6286 	34.8976 	1 
10.059999999999977 	 3 	25.4283 	35.24 	1 
10.089999999999977 	 3 	25.5852 	36.0261 	2 
10.119999999999976 	 7 	26.4696 	36.2199 	2 
10.149999999999975 	 7 	26.5451 	37.1202 	4 
10.179999999999975 	 14 	27.4713 	37.2009 	4 
10.209999999999974 	 14 	27.5078 	38.1829 	8 
10.239999999999974 	 23.2166 	28.3674 	38.1829 	8 
10.269999999999973 	 23.2166 	28.473 	39.1658 	12.3299 
10.299999999999972 	 24.1878 	29.1674 	39.1658 	12.3299 
10.329999999999972 	 24.1878 	29.4405 	1 	13.2703 
10.359999999999971 	 25.1613 	30.2452 	1 	13.2703 
10.38999999999997 	 25.1613 	30.4101 	1 	14.2187 
10.41999999999997 	 26.1367 	31.3498 	1 	14.2187 
10.449999999999969 	 26.3275 	31.3817 	1 	15.1735 
10.479999999999968 	 27.1139 	32.3549 	1 	15.305 
10.509999999999968 	 27.5169 	32.3549 	1 	16.1337 
10.539999999999967 	 28.0927 	33.3297 	1 	16.5021 
10.569999999999967 	 28.6569 	33.3297 	1 	17.0984 
10.599999999999966 	 29.0729 	34.3059 	2 	17.5608 
10.629999999999965 	 29.7869 	34.3059 	2 	18.0668 
10.659999999999965 	 30.0544 	35.2835 	2.9 	18.6129 
10.689999999999964 	 30.9402 	35.2835 	2.9 	19.0385 
10.719999999999963 	 31.0371 	36.2623 	3.55301 	19.7611 
10.749999999999963 	 32.0208 	36.2899 	3.55301 	20.0128 
10.779999999999962 	 32.0208 	37.2422 	4.33944 	20.7979 
10.809999999999961 	 33.0055 	37.403 	4.33944 	20.9895 
10.839999999999961 	 33.0055 	38.2231 	5.19763 	21.877 
10.86999999999996 	 33.991 	38.4839 	5.19763 	21.9227 
10.899999999999959 	 33.991 	39.205 	6.09735 	22.8614 
10.929999999999959 	 34.9488 	39.5859 	6.09735 	22.8614 
10.959999999999958 	 34.9488 	40.1878 	7.02286 	23.8052 
10.989999999999958 	 35.9089 	40.5594 	7.70809 	23.8052 
11.019999999999957 	 36.0201 	41.1713 	7.96541 	24.7533 
11.049999999999956 	 36.871 	41.5583 	8.80618 	24.7533 
11.079999999999956 	 37.0064 	42.1557 	8.80618 	25.7053 
11.109999999999955 	 37.8351 	42.5101 	9.67696 	25.7053 
11.139999999999954 	 37.888 	43.1408 	9.67696 	26.6608 
11.169999999999954 	 38.8011 	43.4872 	10.0839 	26.6608 
11.199999999999953 	 38.8011 	44.1265 	10.5704 	27.4377 
11.229999999999952 	 39.7687 	44.3752 	10.5704 	27.6195 
11.259999999999952 	 39.7687 	45.1129 	11.4811 	28.0509 
11.289999999999951 	 40.7378 	45.1129 	11.4811 	28.5809 
11.319999999999951 	 40.7378 	46.0564 	12.4054 	28.5809 
11.34999999999995 	 41.323 	46.0998 	12.4054 	29.5449 
11.379999999999949 	 41.6364 	46.682 	13.3404 	29.5449 
11.409999999999949 	 1 	47.0873 	13.3404 	30.5112 
11.439999999999948 	 1 	47.4049 	13.7111 	30.5112 
11.469999999999947 	 1 	48.0753 	1 	1 
11.499999999999947 	 2 	48.3864 	2 	1 
11.529999999999946 	 2 	49.0638 	2 	2 
11.559999999999945 	 3 	49.4698 	4 	2 
11.589999999999945 	 3 	50.0527 	4 	4 
11.619999999999944 	 7 	50.5498 	6.32883 	4 
11.649999999999944 	 10 	51.0421 	6.32883 	8 
11.679999999999943 	 14 	51.6266 	7.22412 	8 
11.709999999999942 	 20.1496 	52.0319 	7.22412 	15.0667 
11.739999999999942 	 20.3966 	52.6814 	8.14301 	15.0667 
11.769999999999941 	 21.025 	53.022 	8.14301 	16.0333 
11.79999999999994 	 21.3557 	53.734 	9.07844 	16.0333 
11.82999999999994 	 22.1382 	54.0125 	9.07844 	17.0037 
11.859999999999939 	 22.3184 	54.7847 	10.0259 	17.0037 
11.889999999999938 	 23.2842 	55.0034 	10.0259 	17.9772 
11.919999999999938 	 23.2842 	55.7977 	10.9822 	17.9772 
11.949999999999937 	 24.2527 	56.0481 	10.9822 	18.9006 
11.979999999999936 	 24.2527 	1 	11.8611 	18.9006 
12.009999999999936 	 25.2236 	1 	11.8611 	19.8313 
12.039999999999935 	 25.2236 	2 	12.7577 	19.8313 
12.069999999999935 	 26.1968 	2 	12.7577 	20.7684 
12.099999999999934 	 26.1968 	4 	13.6685 	20.9603 
12.129999999999933 	 27.1718 	4 	13.6685 	21.7111 
12.159999999999933 	 27.1718 	8 	14.5909 	22.1221 
12.189999999999932 	 28.1486 	8 	14.9304 	22.6586 
12.219999999999931 	 28.1486 	16 	15.5228 	23.3118 
12.249999999999931 	 29.1269 	16 	16.2173 	23.6105 
12.27999999999993 	 29.1269 	28.1426 	16.4625 	24.4436 
12.309999999999929 	 30.1066 	28.1426 	17.4089 	24.5661 
12.339999999999929 	 30.1066 	29.1211 	17.4089 	25.0901 
12.369999999999928 	 31.0876 	29.1211 	18.1415 	25.5251 
12.399999999999928 	 31.0876 	30.101 	18.361 	26.2214 
12.429999999999927 	 32.0698 	30.101 	19.2138 	26.4872 
12.459999999999926 	 32.0698 	31.0822 	19.3178 	27.3057 
12.489999999999926 	 33.053 	31.0822 	20.2292 	27.4519 
12.519999999999925 	 33.053 	32.0646 	20.2787 	28.2424 
12.549999999999924 	 34.0372 	32.0646 	21.0538 	28.419 
12.579999999999924 	 34.0372 	33.0479 	21.2431 	29.0459 
12.609999999999923 	 35.0223 	33.0479 	21.7093 	29.3883 
12.639999999999922 	 35.0223 	34.0323 	22.2107 	29.7268 
12.669999999999922 	 36.0082 	34.0323 	22.2107 	30.3596 
12.699999999999921 	 36.0082 	34.9889 	23.181 	30.3596 
12.72999999999992 	 36.6416 	35.0175 	23.181 	31.3327 
12.75999999999992 	 36.9948 	1 	24.1537 	31.3327 
12.789999999999919 	 37.1836 	1 	24.1537 	32.3074 
12.819999999999919 	 37.9558 	1 	1 	32.3074 
12.849999999999918 	 38.2446 	2 	1 	33.2836 
12.879999999999917 	 38.9187 	2 	2 	33.2836 
12.909999999999917 	 39.3278 	4 	2 	34.2612 
12.939999999999916 	 39.8835 	8 	4 	34.2612 
12.969999999999915 	 40.382 	8 	4 	35.24 
12.999999999999915 	 40.8499 	16 	8 	35.2683 
13.029999999999914 	 41.3367 	16 	8 	36.2199 
13.059999999999913 	 41.8179 	17.7495 	12.3299 	36.2199 
13.089999999999913 	 42.2226 	17.862 	12.3299 	37.2009 
13.119999999999912 	 42.7874 	18.6841 	13.2703 	37.2547 
13.149999999999912 	 43.2293 	18.6841 	13.2703 	38.1829 
13.179999999999911 	 43.7582 	1 	14.2187 	38.2091 
13.20999999999991 	 44.1678 	1 	14.2187 	1 
13.23999999999991 	 44.7304 	2 	15.1735 	2 
13.269999999999909 	 45.2418 	2 	15.1735 	2 
13.299999999999908 	 45.7037 	4 	16.1337 	4 
13.329999999999908 	 46.334 	4 	16.1337 	4 
13.359999999999907 	 46.6781 	8 	17.0984 	8 
13.389999999999906 	 47.4011 	8 	17.0984 	8 
13.419999999999906 	 47.6536 	9.75093 	18.0668 	16 
13.449999999999905 	 48.4653 	9.75093 	18.0668 	16 
13.479999999999905 	 48.6301 	10.638 	19.0385 	19.6732 
13.509999999999904 	 49.547 	10.638 	19.0385 	19.6732 
13.539999999999903 	 49.6075 	11.5434 	20.0128 	20.6175 
13.569999999999903 	 50.5859 	11.5434 	20.0628 	20.6175 
13.599999999999902 	 50.6254 	12.463 	20.9895 	21.5668 
13.629999999999901 	 51.565 	12.463 	21.2738 	21.5668 
13.659999999999901 	 51.7006 	13.394 	21.9227 	22.5204 
13.6899999999999 	 52.5449 	13.394 	22.3746 	22.5204 
13.719999999999899 	 52.697 	14.3341 	22.8614 	23.4779 
13.749999999999899 	 53.5256 	14.3341 	23.2952 	23.4779 
13.779999999999898 	 53.6189 	15.2817 	23.8052 	24.4387 
13.809999999999897 	 54.5069 	15.2817 	24.0561 	24.4387 
13.839999999999897 	 54.5069 	16.2355 	24.7533 	25.3237 
13.869999999999896 	 55.4529 	16.2355 	24.7533 	25.4026 
13.899999999999896 	 55.4889 	17.1945 	25.7053 	25.871 
13.929999999999895 	 56.2409 	17.1945 	25.7053 	26.3691 
13.959999999999894 	 56.4716 	18.1025 	26.6608 	26.3691 
13.989999999999894 	 1 	18.1578 	26.6608 	27.338 
14.019999999999893 	 1 	18.1578 	27.6195 	27.338 
14.049999999999892 	 2 	1 	27.6195 	28.309 
14.079999999999892 	 2 	1 	28.5809 	28.309 
14.109999999999891 	 4 	2 	28.5809 	29.282 
14.13999999999989 	 4 	2 	29.5449 	29.282 
14.16999999999989 	 8 	4 	29.5449 	30.2567 
14.199999999999889 	 8 	4 	30.5112 	30.2567 
14.229999999999889 	 16 	8 	30.5112 	31.233 
14.259999999999888 	 16 	9.43651 	31.4796 	31.233 
14.289999999999887 	 28.1426 	9.75093 	31.4796 	32.2107 
14.319999999999887 	 28.1426 	10.638 	32.4499 	32.2727 
14.349999999999886 	 28.9833 	10.638 	32.4499 	33.1897 
14.379999999999885 	 29.1211 	11.5434 	33.4219 	33.3701 
14.409999999999885 	 30.0345 	11.5434 	33.4219 	34.17 
14.439999999999884 	 30.101 	12.463 	34.3956 	34.4034 
14.469999999999883 	 31.0178 	12.463 	34.3956 	35.1513 
14.499999999999883 	 31.0822 	13.394 	35.3706 	35.3217 
14.529999999999882 	 1 	13.394 	35.3706 	36.1337 
14.559999999999881 	 1 	14.3341 	36.3471 	36.189 
14.589999999999881 	 2 	14.3341 	36.3746 	37.117 
14.61999999999988 	 2 	15.2817 	37.3247 	37.2515 
14.64999999999988 	 4 	15.2817 	37.4852 	38.1011 
14.679999999999879 	 4 	16.2355 	38.3036 	38.3106 
14.709999999999878 	 8 	16.2355 	38.6157 	39.0861 
14.739999999999878 	 8 	17.1945 	39.2834 	39.392 
14.769999999999877 	 15.0667 	17.1945 	39.714 	40.0718 
14.799999999999876 	 15.0667 	18.1578 	40.2643 	40.4445 
14.829999999999876 	 16.0333 	18.1578 	40.6106 	41.0581 
14.859999999999875 	 16.0333 	19.1248 	41.246 	41.3011 
14.889999999999874 	 17.0037 	19.1248 	41.4396 	42.0452 
14.919999999999874 	 17.0037 	20.0949 	42.2287 	42.0927 
14.949999999999873 	 17.8093 	20.0949 	42.2287 	43.0328 
14.979999999999873 	 17.8093 	20.5871 	43.2121 	43.0328 
15.009999999999872 	 1 	21.0678 	43.2121 	1 
15.039999999999871 	 1 	21.0678 	44.1283 	1 
15.069999999999871 	 1 	22.0431 	44.1509 	1 
15.09999999999987 	 2 	22.1337 	1 	2 
15.129999999999869 	 2 	23.0205 	1 	2 
15.159999999999869 	 4 	23.3657 	2 	3 
15.189999999999868 	 5 	23.9997 	2 	7 
15.219999999999867 	 8 	24.5358 	4 	7 
15.249999999999867 	 8.36932 	24.9404 	4 	14 
15.279999999999866 	 8.95059 	25.6915 	8 	14 
15.309999999999865 	 9.17266 	25.8855 	8 	21.3311 
15.339999999999865 	 9.80842 	26.7973 	16 	21.3311 
15.369999999999864 	 9.80842 	26.8346 	16 	22.2948 
15.399999999999864 	 10.6907 	27.7872 	22.4504 	22.2948 
15.429999999999863 	 11.0601 	27.7872 	22.4504 	23.2616 
15.459999999999862 	 11.5919 	28.7082 	23.4107 	23.2616 
15.489999999999862 	 12.3465 	28.7431 	23.4107 	24.231 
15.519999999999861 	 12.508 	29.7018 	24.3742 	24.231 
15.54999999999986 	 13.4358 	29.7018 	24.4152 	25.2028 
15.57999999999986 	 13.4358 	30.6631 	25.3405 	25.2028 
15.609999999999859 	 14.3732 	30.6631 	25.5372 	26.1767 
15.639999999999858 	 14.3732 	31.6269 	26.3093 	26.1767 
15.669999999999858 	 15.3184 	31.6269 	26.6118 	27.1525 
15.699999999999857 	 15.3184 	32.5928 	27.2803 	27.1525 
15.729999999999857 	 16.27 	32.5928 	27.6809 	28.1299 
15.759999999999856 	 16.27 	33.5607 	28.2533 	28.3072 
15.789999999999855 	 17.227 	33.5607 	28.7797 	29.1089 
15.819999999999855 	 17.227 	34.5304 	29.2281 	29.3826 
15.849999999999854 	 18.1886 	34.5304 	29.7708 	30.0892 
15.879999999999853 	 18.1886 	35.5018 	30.2046 	30.3211 
15.909999999999853 	 19.154 	35.5018 	30.6322 	31.0708 
15.939999999999852 	 19.154 	36.4747 	31.1825 	31.1351 
15.969999999999851 	 20.1228 	36.4747 	31.3744 	32.0534 
15.999999999999851 	 20.1228 	37.2616 	32.1618 	32.0534 
16.029999999999852 	 20.8557 	37.449 	32.1618 	33.0372 
16.059999999999853 	 21.0944 	37.9268 	33.1423 	33.0372 
16.089999999999854 	 21.1891 	38.4247 	33.1423 	34.0218 
16.119999999999855 	 22.0685 	38.5027 	1 	34.0218 
16.149999999999856 	 22.0685 	39.4015 	1 	34.576 
16.179999999999858 	 1 	39.4015 	1 	35.0073 
16.209999999999859 	 1 	1 	2 	35.1783 
16.23999999999986 	 2 	1 	2 	35.9101 
16.269999999999861 	 2 	2 	4 	1 
16.299999999999862 	 4 	2 	6 	1 
16.329999999999863 	 4 	4 	8 	2 
16.359999999999864 	 8 	4 	15 	2 
16.389999999999866 	 8 	8 	16 	4 
16.419999999999867 	 11.4473 	8 	16.7345 	4 
16.449999999999868 	 11.4473 	16 	16.9723 	8 
16.479999999999869 	 12.3741 	18 	17.8917 	8 
16.50999999999987 	 12.3741 	19.6732 	17.8917 	16 
16.539999999999871 	 13.3113 	19.9762 	18.8192 	16 
16.569999999999872 	 13.3113 	20.6175 	18.8192 	17.862 
16.599999999999874 	 14.2569 	21.1449 	19.7538 	17.862 
16.629999999999875 	 14.6727 	21.5668 	19.7538 	18.791 
16.659999999999876 	 15.2094 	22.2522 	20.6944 	18.791 
16.689999999999877 	 15.9176 	22.5204 	20.6944 	19.7269 
16.719999999999878 	 16.1674 	23.3497 	21.6403 	19.7269 
16.749999999999879 	 17.1302 	23.4779 	21.6403 	20.6687 
16.77999999999988 	 17.1302 	24.4387 	22.5908 	20.7171 
16.809999999999881 	 18.0969 	24.4387 	22.5908 	21.6157 
16.839999999999883 	 18.0969 	25.4026 	23.5454 	21.8002 
16.869999999999884 	 19.067 	25.4026 	23.6303 	22.5673 
16.899999999999885 	 19.067 	26.3691 	24.5036 	22.9194 
16.929999999999886 	 20.04 	26.3691 	24.7879 	23.5229 
16.959999999999887 	 20.04 	27.338 	25.465 	23.9863 
16.989999999999888 	 21.0154 	27.338 	25.9323 	24.4819 
17.019999999999889 	 21.0154 	28.309 	26.4292 	25.0477 
17.049999999999891 	 21.9931 	28.309 	27.1022 	25.4441 
17.079999999999892 	 21.9931 	29.282 	27.396 	26.1425 
17.109999999999893 	 22.9289 	29.282 	28.2235 	26.4091 
17.139999999999894 	 22.9289 	30.2567 	28.365 	27.1932 
17.169999999999895 	 23.87 	30.2567 	29.302 	27.3766 
17.199999999999896 	 23.87 	31.233 	29.3361 	28.2047 
17.229999999999897 	 24.8156 	31.233 	30.243 	28.3463 
17.259999999999899 	 24.8156 	32.2107 	30.3091 	29.1125 
17.2899999999999 	 25.7653 	32.2107 	31.0912 	29.318 
17.319999999999901 	 25.7653 	33.1897 	31.2837 	29.8591 
17.349999999999902 	 26.7187 	33.1897 	31.7913 	30.2916 
17.379999999999903 	 26.7187 	34.17 	32.2599 	30.4891 
17.409999999999904 	 27.6753 	34.17 	32.3837 	31.2668 
17.439999999999905 	 27.6753 	34.9229 	33.2375 	31.2668 
17.469999999999906 	 28.2125 	35.1513 	33.2375 	32.2435 
17.499999999999908 	 28.6349 	35.4065 	34.2164 	32.2435 
17.529999999999909 	 28.6349 	36.1337 	34.2164 	1 
17.55999999999991 	 29.5972 	36.1337 	34.8824 	1 
17.589999999999911 	 29.6984 	37.117 	35.1111 	2 
17.619999999999912 	 30.5618 	37.117 	1 	2 
17.649999999999913 	 30.8226 	1 	1 	4 
17.679999999999914 	 31.5286 	1 	2 	4 
17.709999999999916 	 31.8758 	2 	2 	8 
17.739999999999917 	 32.4975 	2 	4 	8 
17.769999999999918 	 32.8952 	4 	4 	16 
17.799999999999919 	 33.4681 	4 	8 	16 
17.82999999999992 	 33.7657 	8 	8 	16.9723 
17.859999999999921 	 34.4404 	8 	16 	16.9723 
17.889999999999922 	 34.8734 	16 	16 	17.8917 
17.919999999999924 	 35.4143 	16 	17.862 	17.8917 
17.949999999999925 	 35.8634 	18.7628 	17.862 	18.8192 
17.979999999999926 	 36.3895 	18.7628 	18.791 	18.8192 
18.009999999999927 	 36.881 	19.7 	18.791 	19.7538 
18.039999999999928 	 37.3661 	20.0026 	19.7269 	19.7538 
18.069999999999929 	 37.9505 	20.6431 	19.7269 	20.6944 
18.09999999999993 	 38.3438 	21.1698 	20.6687 	20.6944 
18.129999999999932 	 38.9906 	21.5913 	20.6687 	21.6403 
18.159999999999933 	 39.3227 	22.3207 	21.6157 	21.6403 
18.189999999999934 	 40.0287 	22.5439 	21.6157 	22.5908 
18.219999999999935 	 40.3026 	23.5004 	22.5673 	22.5908 
18.249999999999936 	 41.0892 	23.5004 	22.5673 	23.5454 
18.279999999999937 	 41.2835 	24.4603 	23.5229 	23.5879 
18.309999999999938 	 42.0517 	24.4603 	23.5229 	24.5036 
18.339999999999939 	 42.2652 	25.3445 	24.4819 	24.5036 
18.369999999999941 	 42.9228 	25.4233 	24.4819 	25.465 
18.399999999999942 	 43.2478 	26.0455 	25.4441 	25.465 
18.429999999999943 	 43.7079 	26.3891 	25.4441 	26.4292 
18.459999999999944 	 44.2311 	26.6156 	26.4091 	26.4292 
18.489999999999945 	 44.4567 	27.3572 	26.4091 	1 
18.519999999999946 	 45.2152 	27.3572 	27.1564 	1 
18.549999999999947 	 45.2152 	28.3276 	27.3766 	2 
18.579999999999949 	 46.2 	28.3276 	27.7036 	2 
18.60999999999995 	 46.2865 	29.3 	1 	3 
18.639999999999951 	 47.1854 	29.3 	1 	3 
18.669999999999952 	 47.3335 	1 	2 	7 
18.699999999999953 	 48.1713 	1 	2 	7 
18.729999999999954 	 48.3785 	2 	4 	13.0769 
18.759999999999955 	 49.1579 	2 	4 	13.0769 
18.789999999999957 	 49.3407 	4 	8 	14.0384 
18.819999999999958 	 50.145 	4 	10 	14.0384 
18.849999999999959 	 50.4036 	8 	14.1425 	15.0048 
18.87999999999996 	 51.1326 	8 	14.6986 	15.0048 
18.909999999999961 	 51.4834 	14.1425 	15.1022 	15.9752 
18.939999999999962 	 52.1206 	14.1425 	15.9415 	15.9752 
18.969999999999963 	 52.5601 	15.1022 	16.0667 	16.8897 
18.999999999999964 	 53.1091 	15.3 	17.0352 	16.8897 
19.029999999999966 	 53.5965 	16.0667 	17.0352 	17.8134 
19.059999999999967 	 54.098 	16.4974 	18.007 	17.8134 
19.089999999999968 	 54.6132 	17.0352 	18.007 	18.7448 
19.119999999999969 	 55.0873 	17.6133 	18.9817 	18.7448 
19.14999999999997 	 55.6114 	18.007 	18.9817 	19.6829 
19.179999999999971 	 56.077 	18.5548 	19.9086 	19.6829 
19.209999999999972 	 56.5565 	18.9817 	19.9086 	20.6267 
19.239999999999974 	 57.0671 	19.2956 	20.8422 	20.6267 
19.269999999999975 	 57.4339 	19.9086 	20.8422 	21.5756 
19.299999999999976 	 1 	19.9588 	21.7817 	21.5756 
19.329999999999977 	 1 	20.8422 	21.7817 	22.5289 
19.359999999999978 	 2 	21.081 	22.7263 	22.5289 
19.389999999999979 	 2 	21.7817 	22.7263 	23.486 
19.41999999999998 	 4 	22.1915 	23.6754 	23.486 
19.449999999999982 	 6 	22.7263 	23.6754 	24.4465 
19.479999999999983 	 8 	23.3348 	24.6286 	24.4465 
19.509999999999984 	 16 	23.6754 	24.6286 	25.4101 
19.539999999999985 	 16 	24.4245 	25.5852 	25.4101 
19.569999999999986 	 28.0357 	24.6286 	25.5852 	26.3763 
19.599999999999987 	 28.1426 	25.5461 	26.5451 	26.3763 
19.629999999999988 	 28.8102 	25.5852 	26.5451 	27.3449 
19.659999999999989 	 29.1211 	26.3179 	27.5078 	27.3449 
19.689999999999991 	 29.8339 	26.5451 	27.5078 	28.3157 
19.719999999999992 	 30.101 	27.2519 	28.473 	28.3157 
19.749999999999993 	 30.7261 	27.5078 	28.473 	29.2885 
19.779999999999994 	 31.0822 	28.0481 	29.4405 	29.2885 
19.809999999999995 	 31.4979 	28.473 	29.4405 	30.263 
19.839999999999996 	 32.0646 	28.7179 	30.4101 	30.263 
19.869999999999997 	 32.158 	29.4405 	30.4101 	31.239 
19.899999999999999 	 33.0479 	29.4405 	1 	31.239 
19.93 	 33.0479 	30.4101 	1 	31.9359 
19.960000000000001 	 1 	30.443 	2 	32.2166 
19.990000000000002 	 1 	31.3817 	2 	32.9838 
20.020000000000003 	 2 	31.5407 	4 	33.1351 
20.050000000000004 	 2 	32.3549 	4 	1 
20.080000000000005 	 4 	32.6013 	8 	1 
20.110000000000007 	 4 	33.3297 	8 	2 
20.140000000000008 	 8 	33.6285 	15.0667 	2 
20.170000000000009 	 12 	34.3059 	15.0667 	4 
20.20000000000001 	 16 	34.5384 	16.0333 	4 
20.230000000000011 	 16.554 	35.2835 	16.0333 	8 
20.260000000000012 	 16.9723 	35.6502 	17.0037 	8 
20.290000000000013 	 17.8356 	36.2623 	17.0037 	16 
20.320000000000014 	 17.8917 	36.7283 	17.9772 	16 
20.350000000000016 	 18.8192 	37.2422 	17.9772 	16.9723 
20.380000000000017 	 18.8192 	37.8285 	18.9006 	16.9723 
20.410000000000018 	 19.7538 	38.2231 	18.9006 	17.8917 
20.440000000000019 	 19.7538 	38.9233 	19.8313 	17.8917 
20.47000000000002 	 20.6944 	39.205 	19.8313 	18.8192 
20.500000000000021 	 20.6944 	39.9881 	20.7684 	18.8192 
20.530000000000022 	 21.6403 	40.1878 	20.8165 	19.7538 
20.560000000000024 	 21.6403 	41.074 	21.7111 	19.7538 
20.590000000000025 	 22.5908 	41.1713 	22.0315 	20.6944 
20.620000000000026 	 22.5908 	42.132 	22.6586 	20.6944 
20.650000000000027 	 23.5454 	42.1557 	23.1394 	21.6403 
20.680000000000028 	 23.5454 	43.1408 	23.6105 	21.6865 
20.710000000000029 	 24.5036 	43.1408 	24.0723 	22.5908 
20.74000000000003 	 24.5036 	44.1038 	24.5661 	22.5908 
20.770000000000032 	 25.465 	44.1265 	24.8497 	23.5454 
20.800000000000033 	 25.465 	44.9574 	25.5251 	23.5454 
20.830000000000034 	 26.4292 	45.1129 	25.5251 	24.5036 
20.860000000000035 	 26.4292 	45.7513 	26.4872 	24.5036 
20.890000000000036 	 26.9541 	46.0998 	26.4872 	25.465 
20.920000000000037 	 27.396 	46.4457 	27.4519 	25.465 
20.950000000000038 	 27.396 	47.0873 	27.4519 	26.3913 
20.98000000000004 	 28.365 	47.0873 	1 	26.4292 
21.010000000000041 	 28.365 	48.0337 	1 	26.7304 
21.040000000000042 	 29.3361 	48.0337 	1 	27.396 
21.070000000000043 	 29.3361 	1 	2 	27.5417 
21.100000000000044 	 30.243 	1 	3 	28.365 
21.130000000000045 	 30.243 	2 	3 	28.7156 
21.160000000000046 	 1 	3 	7 	29.3361 
21.190000000000047 	 1 	3 	7 	29.8433 
21.220000000000049 	 2 	7 	13.0769 	30.3091 
21.25000000000005 	 2 	7 	13.0769 	30.9622 
21.280000000000051 	 4 	12 	14.0384 	31.2837 
21.310000000000052 	 4 	14 	14.0384 	32.1045 
21.340000000000053 	 8 	23 	15.0048 	32.2599 
21.370000000000054 	 8 	24.1662 	15.0048 	33.2074 
21.400000000000055 	 15.0667 	24.6988 	15.9752 	33.2375 
21.430000000000057 	 15.3304 	25.1405 	15.9752 	34.2164 
21.460000000000058 	 16.0333 	25.8858 	16.8897 	34.2164 
21.490000000000059 	 16.5256 	26.1167 	16.8897 	35.1964 
21.52000000000006 	 17.0037 	26.9836 	17.8134 	35.1964 
21.550000000000061 	 17.6965 	27.0947 	17.8134 	36.1776 
21.580000000000062 	 17.9772 	28.0741 	18.7448 	36.1776 
21.610000000000063 	 18.9006 	28.0741 	18.7448 	37.1597 
21.640000000000065 	 18.9006 	29.055 	19.6829 	37.2672 
21.670000000000066 	 19.8313 	29.055 	19.7337 	38.1428 
21.700000000000067 	 19.8313 	30.0371 	20.6267 	38.3259 
21.730000000000068 	 20.7684 	30.0371 	20.82 	39.1267 
21.760000000000069 	 20.7684 	31.0203 	21.5756 	39.3307 
21.79000000000007 	 21.7111 	31.0203 	21.7604 	40.1113 
21.820000000000071 	 21.7111 	32.0045 	22.5289 	40.2607 
21.850000000000072 	 22.6144 	32.0045 	22.5289 	41.0968 
21.880000000000074 	 22.6586 	32.9593 	23.486 	41.0968 
21.910000000000075 	 23.1827 	32.9897 	23.486 	42.0829 
21.940000000000076 	 23.6105 	33.6205 	24.4465 	42.0829 
21.970000000000077 	 23.6528 	33.9462 	24.4465 	43.0696 
22.000000000000078 	 24.5661 	34.1812 	25.4101 	43.0696 
22.030000000000079 	 24.5661 	34.8191 	25.4101 	43.7608 
22.06000000000008 	 25.5251 	34.8191 	26.071 	44.0569 
22.090000000000082 	 25.5251 	1 	26.3383 	44.3737 
22.120000000000083 	 26.4872 	1 	26.3383 	1 
22.150000000000084 	 26.4872 	2 	1 	1 
22.180000000000085 	 27.4519 	2 	2 	2 
22.210000000000086 	 27.4519 	4 	2 	2 
22.240000000000087 	 28.419 	4 	3 	4 
22.270000000000088 	 28.419 	8 	3 	4 
22.30000000000009 	 29.3883 	8 	7 	8 
22.330000000000091 	 29.3883 	16 	7 	8 
22.360000000000092 	 30.3596 	16 	13.0769 	16 
22.390000000000093 	 30.3596 	17.862 	13.0769 	16 
22.420000000000094 	 31.3327 	17.862 	13.6031 	22.4504 
22.450000000000095 	 31.3327 	18.791 	14.0384 	22.6722 
22.480000000000096 	 32.3074 	18.791 	14.4605 	23.4107 
22.510000000000097 	 32.3074 	19.7269 	15.0048 	23.8344 
22.540000000000099 	 33.2836 	19.7269 	15.5943 	24.3742 
22.5700000000001 	 33.2836 	20.6687 	15.9752 	25.0226 
22.600000000000101 	 34.2612 	20.6687 	16.7707 	25.3405 
22.630000000000102 	 34.2612 	21.6157 	16.8897 	26.1567 
22.660000000000103 	 35.24 	21.6157 	17.8134 	26.3093 
22.690000000000104 	 35.24 	22.5673 	17.8134 	27.2803 
22.720000000000105 	 36.2199 	22.6559 	18.7448 	27.2803 
22.750000000000107 	 36.3578 	23.5229 	18.7448 	28.2533 
22.780000000000108 	 37.2009 	23.7347 	19.6829 	28.2533 
22.810000000000109 	 37.4154 	24.4819 	19.6829 	29.2281 
22.84000000000011 	 38.1829 	24.726 	20.6267 	29.2281 
22.870000000000111 	 38.3659 	25.4441 	20.6267 	30.2046 
22.900000000000112 	 39.1658 	25.5619 	21.5756 	30.2046 
22.930000000000113 	 39.2169 	26.4091 	21.5756 	31.1825 
22.960000000000115 	 40.1495 	26.4091 	22.3505 	31.1825 
22.990000000000116 	 40.1495 	27.3766 	22.5289 	31.9433 
23.020000000000117 	 41.134 	27.3766 	1 	32.1618 
23.050000000000118 	 41.134 	28.3463 	1 	32.5944 
23.080000000000119 	 42.0004 	28.3463 	1 	33.1423 
23.11000000000012 	 42.1193 	29.318 	2 	33.592 
23.140000000000121 	 42.9657 	29.318 	2 	34.1239 
23.170000000000122 	 43.1052 	30.2916 	2 	34.6476 
23.200000000000124 	 43.9781 	30.2916 	2 	35.1065 
23.230000000000125 	 44.069 	31.2668 	2 	35.6438 
23.260000000000126 	 1 	31.2668 	2 	36.0901 
23.290000000000127 	 1 	1 	1 	36.5856 
23.320000000000128 	 2 	1 	1 	37.0745 
23.350000000000129 	 2 	2 	2 	37.69 
23.38000000000013 	 4 	2 	2 	38.0598 
23.410000000000132 	 4 	4 	2.9 	38.763 
23.440000000000133 	 8 	4 	2.9 	39.0458 
23.470000000000134 	 8 	8 	3.55301 	39.8572 
23.500000000000135 	 16 	8 	3.55301 	40.0325 
23.530000000000136 	 16 	15.0667 	4.33944 	40.9221 
23.560000000000137 	 22.4504 	15.0667 	4.33944 	41.0198 
23.590000000000138 	 22.4504 	16.0333 	5.19763 	41.8168 
23.62000000000014 	 23.4107 	16.2813 	5.19763 	42.0077 
23.650000000000141 	 23.4107 	17.0037 	6.09735 	42.8797 
23.680000000000142 	 24.3742 	17.5259 	6.09735 	42.9962 
23.710000000000143 	 24.3742 	17.9772 	7.02286 	43.9169 
23.740000000000144 	 25.3405 	18.7409 	7.02286 	43.9624 
23.770000000000145 	 25.38 	18.9006 	7.96541 	44.9301 
23.800000000000146 	 26.3093 	19.8313 	7.96541 	44.9746 
23.830000000000148 	 26.4988 	19.8313 	8.80618 	45.8992 
23.860000000000149 	 27.2803 	20.7684 	8.80618 	46.0298 
23.89000000000015 	 27.5359 	20.7684 	9.67696 	46.8696 
23.920000000000151 	 28.2533 	21.7111 	9.67696 	47.1037 
23.950000000000152 	 28.6053 	21.7111 	10.5704 	47.8412 
23.980000000000153 	 29.2281 	22.6586 	10.5704 	48.1538 
24.010000000000154 	 29.6361 	22.6586 	11.4811 	48.8139 
24.040000000000155 	 30.2046 	23.6105 	11.4811 	49.1203 
24.070000000000157 	 30.534 	23.6105 	12.4054 	49.7877 
24.100000000000158 	 31.1825 	24.5661 	12.4054 	50.0082 
24.130000000000159 	 31.3106 	24.5661 	13.3404 	50.7626 
24.16000000000016 	 32.1618 	25.5251 	13.3404 	50.8216 
24.190000000000161 	 32.1618 	25.5251 	14.2841 	51.6222 
24.220000000000162 	 33.1423 	26.1449 	14.2841 	51.7383 
24.250000000000163 	 33.1423 	26.4872 	15.2348 	52.3533 
24.280000000000165 	 34.1239 	26.5626 	15.2348 	52.715 
24.310000000000166 	 34.1239 	1 	15.8789 	53.112 
24.340000000000167 	 34.6764 	1 	16.1914 	1 
24.370000000000168 	 35.1065 	2 	16.1914 	1 
24.400000000000169 	 1 	2 	17.1528 	2 
24.43000000000017 	 1 	4 	17.3271 	2 
24.460000000000171 	 2 	4 	18.1183 	3 
24.490000000000173 	 2 	8 	18.6091 	3 
24.520000000000174 	 4 	8 	19.0873 	7 
24.550000000000175 	 4 	13.2294 	19.8081 	7 
24.580000000000176 	 8 	13.2294 	20.0593 	14 
24.610000000000177 	 8 	14.1805 	20.9862 	14 
24.640000000000178 	 16 	14.1805 	21.0338 	26.0769 
24.670000000000179 	 16 	15.1378 	22.0106 	26.0769 
24.70000000000018 	 17.862 	15.1378 	22.0106 	27.0562 
24.730000000000182 	 17.862 	16.1001 	22.9894 	27.0562 
24.760000000000183 	 18.791 	16.3472 	22.9894 	28.037 
24.790000000000184 	 18.791 	17.0667 	23.928 	28.1083 
24.820000000000185 	 19.7269 	17.587 	23.928 	29.0191 
24.850000000000186 	 19.7269 	18.0369 	24.8715 	29.2595 
24.880000000000187 	 20.6687 	18.7448 	24.8715 	30.0024 
24.910000000000188 	 20.6687 	19.01 	25.8191 	30.3999 
24.94000000000019 	 21.6157 	19.8349 	25.8191 	30.9867 
24.970000000000191 	 21.6157 	19.9858 	26.7706 	31.5625 
25.000000000000192 	 22.5673 	20.9159 	26.8452 	31.9407 
25.030000000000193 	 22.5673 	20.9159 	27.7254 	32.6531 
25.060000000000194 	 23.5229 	21.8522 	27.8694 	32.8973 
25.090000000000195 	 23.5229 	21.8522 	28.6833 	33.7678 
25.120000000000196 	 24.4819 	22.7939 	28.9265 	33.8565 
25.150000000000198 	 24.4819 	22.7939 	29.644 	34.818 
25.180000000000199 	 25.4441 	23.7403 	29.9128 	34.818 
25.2100000000002 	 25.4441 	23.7403 	30.6071 	35.7536 
25.240000000000201 	 26.4091 	24.6909 	30.7702 	35.7816 
25.270000000000202 	 26.4091 	24.6909 	31.5726 	36.5834 
25.300000000000203 	 27.3766 	25.5671 	31.5726 	36.7471 
25.330000000000204 	 27.3766 	25.6453 	32.5401 	37.3144 
25.360000000000205 	 28.3463 	26.1094 	32.5401 	37.7143 
25.390000000000207 	 28.3463 	26.603 	33.5095 	37.9523 
